0.3933354780238716,0.3800021446905374,0.22666237728560468
0.3510769220055561,0.33514715229967473,0.3137759256947798
0.441338664698683,0.4280053313653442,0.13065600393597546
0.388193922778806,0.37486058944547257,0.23694548777573915
0.3696703974046232,0.3563370640712889,0.2739925385241126
0.400389390601374,0.38705605726803616,0.21255455213060262
0.3629248751780607,0.347797257904916,0.28927786691702567
0.3756686619740835,0.36233532864075135,0.26199600938518147
0.4013652435890814,0.3880319102557398,0.21060284615518388
0.4069492592318435,0.39361592589850825,0.19943481486965695
0.3943861293533715,0.38105279602004316,0.22456107462660557
0.38041734816684686,0.3670840148335105,0.25249863699965686
0.39919864091383883,0.38586530758051274,0.21493605150566794
0.38455351699588836,0.3712201836625486,0.24422629934157367
0.38456884042310935,0.37123550708977265,0.24419565248712702
0.37650666219324674,0.3631733288599117,0.2603200089468594
0.37510178435813746,0.3617684510248019,0.26312976461707555
0.35503638254017394,0.339223916111365,0.3057397013484746
0.4009149808779545,0.387581647544615,0.21150337157744087
0.39402465438538936,0.3806913210520656,0.22528402456256993
0.36603360621771025,0.3507198759898439,0.2832465177924597
0.3782267785464561,0.3648934452131219,0.2568797762404405
0.3841791397285124,0.3708458063951748,0.24497505387632684
0.3868664029517079,0.3735330696183727,0.23960052742992946
0.37769829367283214,0.36436496033950055,0.2579367459876757
0.3782879796479899,0.3649546463146539,0.25675737403736715
0.3927574073765961,0.3794240740432582,0.22781851858015925
0.39801218852815146,0.3846788551948075,0.21730895627704602
0.3830797572908377,0.3697464239575049,0.24717381875167477
0.3803073530376302,0.3669740197042956,0.2527186272580805
0.38064728554017463,0.36731395220684343,0.25203876225300725
0.38789777672019404,0.3745644433868587,0.23753777989295927
0.38575091347223156,0.3724175801389027,0.24183150638888914
0.3922075214109542,0.3788741880776268,0.22891829051143792
0.3740670514142744,0.36073371808094234,0.26519923050480704
0.39689550193351786,0.38356216860018344,0.21954232946631372
0.3838303137610925,0.37049698042775414,0.24567270581116618
0.3798190832877249,0.3664857499543843,0.2536951667579117
0.3844409891268452,0.3711076557935102,0.24445135507966304
0.3919668037917881,0.3786334704584572,0.2293997257497713
0.3860118231935665,0.3726784898602329,0.24130968694621374
0.39699047517581876,0.3836571418424806,0.21935238298170934
0.3986692886438021,0.3853359553104737,0.21599475604574214
0.40221676210392004,0.38888342877058774,0.20889980912550485
0.391599156945484,0.37826582361215966,0.2301350194423834
0.38323298775889275,0.36989965442555767,0.24686735781557026
0.39716728084126807,0.38383394750793165,0.21899877165080736
0.389530081040916,0.376196747707574,0.23427317125151734
0.35142281392878716,0.33552128854381597,0.3130558975274006
0.40604321421600464,0.39270988088266917,0.20124690490133756
0.39711866087067454,0.38378532753734695,0.21909601159200018
0.3910621137860957,0.3777287804527625,0.23120910576115122
0.3861113500058628,0.3727780166725235,0.24111063332162613
0.38375497718509033,0.3704216438517544,0.24582337896317472
0.3872967345641159,0.3739634012307829,0.23873986420511367
0.3875767958465167,0.3742434625131815,0.23817974164031908
0.3910086457372798,0.3776753124039482,0.23131604185879398
0.3793364020440427,0.3660030687107082,0.25466052924527205
0.3841360641288558,0.3708027307955243,0.2450612050756441
0.38692250424946806,0.37358917091613586,0.23948832483441332
0.3731617005333395,0.3598283672000051,0.2670099322666719
0.3504646200760173,0.3344713579642443,0.31506402195974303
0.3589262669704274,0.34355056980700166,0.29752316322257893
0.38445271141905024,0.37111937808572104,0.24442791049525042
0.3791255263418513,0.3657921930085139,0.255082280649644
0.3892315475509078,0.3758982142175735,0.2348702382315373
0.3916531029196478,0.3783197695863062,0.23002712749405113
0.3960300674117067,0.38269673407837285,0.22127319850993385
0.3814714571427712,0.3681381238094394,0.2503904190478068
0.37842200106008395,0.3650886677267509,0.25648933121318457
0.3909836598347839,0.37765032650144503,0.23136601366378376
0.38321772066789817,0.3698843873345637,0.24689789199755316
0.39713051138897526,0.38379717805564206,0.2190723105553952
0.38664992374776547,0.3733165904144294,0.24003348583782502
0.38107690333286837,0.36774356999953484,0.2511795266676108
0.356076888929759,0.3405561370872375,0.3033669739830042
0.3696160041109389,0.35628267077760845,0.27410132511146773
0.3909735402406965,0.3776402069073617,0.231386252851955
0.3910224821841341,0.3776891488508006,0.23128836896508237
0.3977882838413076,0.38445495050797224,0.21775676565072907
0.3723491138216701,0.35901578048834043,0.26863510569001064
0.4003296575876593,0.3869963242543251,0.21267401815802897
0.3835800643269044,0.3702467309935735,0.24617320467953946
0.3860978469731751,0.372764513639843,0.241137639387004
0.39119395052134115,0.37786061718800956,0.2309454322906732
0.38595971293512354,0.3726263796017942,0.24141390746310346
0.37892632823015826,0.36559299489682084,0.2554806768730365
0.38487170834000756,0.3715383750066705,0.24358991665333168
0.43737808309327875,0.42404474975994744,0.13857716714677334
0.3957349457577643,0.38240161242443366,0.22186344181782278
0.39695189741414577,0.38361856408081074,0.21942953850505661
0.3928013682096379,0.3794680348763065,0.22773059691407335
0.392703049556662,0.3793697162233253,0.22792723422002548
0.37883328759757073,0.3654999542642321,0.2556667581382166
0.3889490190174176,0.37561568568408205,0.23543529529851362
0.3814242080523946,0.3680908747190603,0.2504849172285662
0.39804873221254944,0.38471539887921546,0.21723586890824628
0.38560047372979034,0.3722671403964557,0.24213238587376237
0.39268435735375024,0.3793510240204205,0.22796461862585052
0.38436798623411944,0.3710346529007841,0.2445973608651111
0.3951587016860002,0.3818253683526742,0.22301592996135142
0.38284364228359113,0.3695103089502594,0.2476460487661681
0.3554285993313893,0.33983927884603704,0.30473212182257975
0.3934763775540752,0.3801430442207463,0.22638057822519977
0.4063820302279017,0.393048696894566,0.20056927287752688
0.35457346131003287,0.3388133419288274,0.3066131967611463
0.3794719815439322,0.36613864821059583,0.25438937024548813
0.393612759139491,0.3802794258061561,0.2261078150543661
0.38761955742932586,0.37428622409598994,0.23809421847469805
0.3871034727727539,0.37377013943942794,0.23912638778784212
0.41003635555838147,0.39670302222504517,0.1932606222165836
0.35341987041013495,0.33757157313416747,0.30900855645571246
0.3957581356013054,0.38242480226797093,0.22181706213074087
0.3928808581413005,0.37954752480796844,0.22757161705074377
0.3908726157565269,0.37753928242319323,0.23158810182029818
0.3799277015519777,0.36659436821864594,0.2534779302293978
0.38634347564736643,0.37301014231402735,0.24064638203861818
0.3704962233570551,0.35716289002372165,0.27234088661924793
0.35438447427396064,0.3385292166409255,0.30708630908512424
0.38858832572760327,0.3752549923942683,0.2361566818781434
0.378928997167167,0.36559566383383485,0.25547533899901337
0.3875966366051667,0.3742633032718372,0.2381400601230089
0.3900915781852288,0.3767582448518935,0.23315017696288662
0.38356485306194094,0.3702315197286138,0.24620362720946345
0.3520070219294284,0.33609292305803373,0.3119000550125348
0.3749434865987096,0.3616101532653821,0.26344636013593037
0.3783758028511767,0.3650424695178424,0.2565817276310022
0.370535402859098,0.3572020695257561,0.2722625276151641
0.3859445090345891,0.37261117570125873,0.24144431526417037
0.3809623922687244,0.36762905893538916,0.2514085487959
0.3767713272434715,0.3634379939101346,0.25979067884640544
0.3616145443323616,0.34609263425359743,0.2922928214140604
0.3716898554580027,0.35835652212466496,0.26995362241734466
0.3876801928660121,0.3743468595326727,0.23797294760132578
0.39252664942218024,0.37919331608883816,0.22828003448899062
0.39482324922410805,0.38148991589077413,0.22368683488513302
0.3770776971534364,0.36374436382009545,0.2591779390264789
0.36269147944317837,0.3470099161661784,0.2902986043906486
0.3905555156795429,0.37722218234620986,0.232222301974261
0.3983433906616634,0.38501005732833316,0.21664655201002248
0.38030687592600165,0.36697354259267023,0.2527195814813458
0.3863979805685454,0.37306464723521543,0.2405373721962592
0.4030905527337046,0.38975721940036384,0.20715222786593493
0.37659129036740135,0.36325795703407016,0.2601507525985511
0.377565455163735,0.36423212183040254,0.25820242300588003
0.3939306336325683,0.3805973002992305,0.22547206606821135
0.38391067966987436,0.37057734633653805,0.24551197399360808
0.3890533538117764,0.3757200204784434,0.23522662570978942
0.39519767555016505,0.3818643422168291,0.22293798223301553
0.382655561536084,0.36932222820274874,0.24802221026118373
0.40721733356756884,0.39388400023423686,0.19889866619820823
0.3835658493419711,0.37023251600863843,0.24620163464940176
0.39555146916550227,0.3822181358321733,0.22223039500234074
0.3884676035608218,0.37513427022749224,0.23639812621169776
0.4008016501960779,0.3874683168627405,0.211730032941191
0.38911836620578893,0.3757850328724545,0.23509660092177578
0.3977297873460949,0.384396454012763,0.21787375864116004
0.4097491641831652,0.396415830849834,0.19383500496701384
0.3887985761741097,0.37546524284077765,0.23573618098512447
0.394429858081243,0.38109652474791433,0.22447361717086042
0.3717905075109597,0.3563700686259814,0.2718394238630658
0.3770866509424471,0.36375331760911495,0.2591600314484579
0.39125401290364,0.37792067957030234,0.2308253075260695
0.38899102441070404,0.3756576910773726,0.23535128451194062
0.3867737469430149,0.3734404136096843,0.23978583944732354
0.3533154019184384,0.3374822843345756,0.3092023137469896
0.36586785481587814,0.35074148964691815,0.2833906555372242
0.3824226012622731,0.36908926792893954,0.24848813080880508
0.391134207481927,0.3778008741485936,0.2310649183694996
0.3844851997905234,0.37115186645719417,0.24436293375230383
0.3873326463221584,0.3739993129888294,0.23866804068903322
0.3831189696598714,0.3697856363265454,0.2470953940136115
0.37970148870768405,0.3663681553743495,0.253930355917984
0.3823038605445551,0.368970527211219,0.24872561224424414
0.4220067992259343,0.40867346589260317,0.16931973488147214
0.3840985526269138,0.3707652192935846,0.24513622807952884
0.368540967778506,0.3535619768696201,0.2778970553518824
0.37979292768957795,0.36645959435623726,0.2537474779541968
0.3885938095743715,0.3752604762410281,0.23614571418460906
0.3793803461802634,0.3660470128469263,0.254572640972825
0.3933364516194786,0.380003118286145,0.22666043009439332
0.3978471214204657,0.3845137880871318,0.21763909049241986
0.3915437368356434,0.378210403502314,0.2302458596620637
0.352045083136912,0.33614197601937174,0.3118129408437271
0.3924560566183139,0.37912272328498153,0.22842122009672342
0.3924882490917558,0.3791549157584291,0.22835683514983907
0.39093157753518454,0.37759824420184734,0.23147017826298097
0.37429739151066327,0.36096405817732613,0.2647385503120321
0.37046671190157504,0.35713337856824257,0.27239990953019205
0.37789258710916146,0.3645592537758235,0.2575481591150298
0.3933835477441426,0.38005021441080805,0.22656623784506777
0.3817064242788758,0.36837309094554477,0.2499204847756034
0.3508652834867339,0.33488916077527203,0.3142455557380046
0.3836475954021558,0.370314262068816,0.24603814252904072
0.3874888261574998,0.3741554928241717,0.23835568101834723
0.37822404740855337,0.36489071407521734,0.25688523851623724
0.38209453190441167,0.36876119857107753,0.2491442695245228
0.38782851865281087,0.3744951853194752,0.23767629602772739
0.3881970240151354,0.37486369068179687,0.23693928530307826
0.3883270695132903,0.3749937361799581,0.23667919430676754
0.38024587878459665,0.36691254545126517,0.25284157576416033
0.3921878122391569,0.37885447890582036,0.22895770885503589
0.3850762209036713,0.37174288757033974,0.24318089152600633
0.39346933059318845,0.3801359972598563,0.22639467214696796
0.3538175950484989,0.33797867022885,0.30820373472265983
0.37761966782859874,0.36428633449526754,0.2580939976761538
0.4017633083337313,0.38842997500040216,0.20980671666588352
0.38195683447288103,0.3686235011395432,0.24941966438758892
0.38004621676751893,0.3667128834341854,0.2532408997983029
0.40803889676174054,0.39470556342840313,0.19725553980986152
0.38309617424591064,0.3697628409125735,0.24714098484152444
0.39050065269080725,0.3771673193574705,0.23233202795172658
0.39488987257964053,0.3815565392463032,0.22355358817406312
0.3934553727026069,0.3801220393692841,0.22642258792813597
0.38786128643698525,0.374527953103651,0.23761076045937826
0.3864484945133725,0.37311516118003346,0.24043634430661123
0.40127905261318575,0.3879457192798496,0.2107752281069787
0.3742407097828641,0.3609073764495255,0.2648519137676287
0.3905641934425923,0.3772308601092636,0.23220494644816173
0.38784347232916677,0.37451013899583135,0.2376463886750119
0.3847088274478395,0.37137549411450865,0.24391567843767925
0.39460576597352554,0.38127243264018995,0.22412180138629154
0.38440405645845305,0.3710707231251174,0.24452522041644315
0.38531289784378603,0.37197956451045266,0.24270753764577957
0.39569069036047994,0.3823573570271424,0.22195195261238934
0.36716186874033957,0.35189198384384884,0.28094614741582274
0.38326621806832667,0.36993288473499497,0.24680089719669387
0.39613649071115387,0.3828031573778236,0.22106035191104076
0.3802793362975554,0.3669460029642306,0.2527746607382454
0.3873721667307499,0.3740388333974108,0.23858899987185153
0.3708369463788129,0.3575036130454816,0.2716594405757202
0.4015168176361015,0.3881834843027644,0.2102996980611458
0.38685295049955226,0.3735196171662169,0.23962743233423803
0.40138651899913735,0.3880531856658052,0.2105602953350726
0.3763185188854202,0.3629851855520889,0.2606962955625175
0.39759964642477913,0.3842663130914441,0.21813404048378868
0.3859090207273463,0.3725756873940142,0.2415152918786544
0.4081460404321191,0.3948127070987777,0.1970412524691066
0.38290958953056026,0.36957625619722984,0.24751415427222762
0.3934621053945892,0.38012877206126167,0.22640912254417053
0.38570363596086793,0.3723703026275355,0.24192606141161277
0.38061897418444174,0.3672856408511053,0.25209538496446976
0.3931044955530538,0.37977116221972446,0.2271243422272419
0.38904640300072696,0.37571306966739576,0.23524052733189943
0.38946564121929167,0.3761323078859555,0.23440205089476607
0.392250041282842,0.37891670794950233,0.22883325076766212
0.376811263349301,0.3634779300159663,0.25971080663474666
0.3907999039049973,0.37746657057166216,0.23173352552334792
0.3992822726119536,0.38594893927861706,0.2147687881094374
0.38821037467417735,0.3748770413408398,0.236912583984997
0.3798162936161965,0.36648296028286775,0.25370074610095433
0.3905934025009823,0.37726006916764976,0.23214652833138003
0.3952027176698737,0.38186938433654477,0.2229278979936019
0.38205396651515267,0.36872063318181675,0.2492254003030401
0.3982827250458672,0.3849493917125399,0.21676788324161309
0.36218040401820456,0.3468230408025415,0.29099655517927164
0.38650721820494527,0.37317388487161635,0.24031889692345823
0.37397642524055835,0.36064309190722627,0.2653804828522304
0.3898615234163495,0.3765281900830155,0.2336102865006452
0.3829456708335211,0.36961233750018513,0.24744199166630976
0.3777055998508662,0.3643722665175332,0.2579221336316156
0.38655738559240105,0.37322405225907307,0.24021856214855164
0.3838739342807981,0.3705406009474668,0.24558546477175786
0.3832138843644206,0.36988055103109063,0.24690556460451024
0.39102825581224593,0.3776949224789133,0.23127682170885622
0.3873393608635888,0.3740060275302576,0.23865461160617343
0.3838315713368402,0.3704982380035159,0.24567019065966983
0.3940190190733856,0.3806856857400463,0.2252952951865803
0.39817257002360823,0.3848392366902798,0.21698819328613256
0.3838676576709764,0.37053432433764205,0.24559801799139808
0.3901926405470833,0.37685930721375144,0.23294805223918283
0.38186008367301966,0.3685267503396784,0.2496131659873063
0.3829085869657736,0.36957525363243804,0.24751615940180569
0.3850467878980092,0.3709970195478496,0.2439561925541499
0.38988898406151407,0.37655565072817926,0.23355536521033068
0.3912133401871724,0.3778800068538428,0.23090665295900556
0.40234870838269465,0.3890153750493629,0.20863591656795888
0.398377770914675,0.38504443758133766,0.21657779150399878
0.3814678160177622,0.3681344826844268,0.25039770129781647
0.39286071259381283,0.37952737926047736,0.22761190814571838
0.3858039500401509,0.37247061670682075,0.24172543325305204
0.382894155249579,0.36956082191625134,0.2475450228341903
0.38633337577815374,0.3730000424448219,0.24066658177704253
0.39039189727186147,0.3770585639385281,0.23254953878962717
0.3854549396607937,0.37212160632745583,0.2424234540117619
0.3803217219426939,0.3669883886093559,0.25268988944796505
0.38169553265385053,0.36836219932051006,0.24994226802565025
0.3927012656847077,0.3785407797587706,0.2287579545565314
0.35610909863050105,0.34032188134969066,0.3035690200198153
0.3828287604159696,0.3694954270826323,0.24767581250141738
0.3536221656968382,0.33774509453507856,0.3086327397680899
0.3972287144950922,0.38389538116175487,0.21887590434316115
0.38931478935592023,0.3759814560225833,0.23470375462151488
0.39937497319395504,0.38604163986062273,0.21458338694544046
0.3847602896651037,0.37142695633176753,0.2438127540031418
0.38957911932640793,0.3762457859930751,0.23417509468052886
0.38816588817375136,0.37483255484040795,0.23700155698584974
0.3971082545169853,0.38377492118365014,0.21911682429937196
0.3894777090837982,0.3761443757504665,0.23437791516575118
0.354410903625823,0.3387435617213491,0.3068455346528342
0.37782992462175513,0.3644965912884287,0.2576734840898451
0.37736324587580267,0.3640299125424718,0.25860684158174563
0.3847466705766983,0.37141333724336256,0.2438399921799547
0.38686121143296653,0.3735278780996327,0.23961091046741584
0.36034620278470675,0.34475539602458094,0.2948984011907233
0.4102260350824709,0.39689270174913327,0.19288126316840085
0.3997550241637184,0.38642169083038336,0.21382328500590966
0.38273277378210124,0.36939944044876144,0.24786778576914245
0.38150396371471895,0.36817063038138637,0.2503254059039181
0.39033276498546793,0.37699943165212824,0.23266780336241594
0.3937844240322286,0.38045109069889993,0.2257644852688963
0.38989561163604847,0.37656227830271094,0.23354211006125297
0.3957550585886153,0.382421725255278,0.221823216156122
0.38679932612178874,0.37346599278845,0.23973468108977797
0.3866539371997201,0.37332060386638477,0.24002545893391963
0.3878430551909384,0.3745097218576064,0.23764722295147592
0.38372065328140803,0.37038731994807533,0.24589202677052927
0.3541341062402372,0.3383026717256562,0.3075632220341265
0.3555910455746968,0.3397257132178711,0.30468324120745127
0.39901858257117495,0.38568524923784636,0.2152961681909981
0.38161354115981355,0.3682802078264816,0.2501062510137273
0.37936931212714947,0.3660359787938087,0.2545947090790509
0.38395949669567814,0.37062616336233734,0.24541433994199452
0.4058627796441183,0.39252944631078024,0.20160777404511204
0.39664861662952133,0.38331528329618586,0.22003610007430366
0.39109443309084835,0.37776109975751304,0.23114446715164472
0.3541086654712756,0.3382033020223162,0.30768803250642085
0.380008996194976,0.366675662861644,0.2533153409433992
0.3997308232478522,0.38639748991451717,0.21387168683764354
0.379183736607996,0.3658504032746588,0.25496586011735833
0.38308184097234743,0.3697485076390086,0.2471696513886505
0.38652601079088617,0.3731926774575556,0.2402813117515805
0.4163712388588128,0.403037905525476,0.1805908556157158
0.3843562099618749,0.3710228766285407,0.24462091340959705
0.38108526586293956,0.3677519325296063,0.2511628016074705
0.3553860512995353,0.33943586903097384,0.3051780796694954
0.3938313066834834,0.3804979733501575,0.22567071996638385
0.39937059526268237,0.38603726192934973,0.2145921428079787
0.3912161438930953,0.3778828105597613,0.2309010455471561
0.3765322173246717,0.363198883991335,0.26026889868400693
0.35771421648724633,0.3421335737747411,0.3001522097380245
0.40415677649584886,0.39082344316250966,0.2050197803416509
0.3809654236962287,0.36763209036290584,0.25140248594088593
0.3845184985463468,0.3711851652130048,0.24429633624064973
0.39778960020527104,0.3844562668719397,0.21775413292281015
0.3895699189609633,0.3762365856276341,0.23419349541143047
0.3777877713292455,0.364454437995916,0.25775779067485594
0.37773347146099107,0.3644001381276569,0.2578663904113685
0.3813362450456152,0.3680029117122765,0.2506608432421267
0.3893114114418247,0.3759780781084915,0.23471051044969948
0.40263872961666203,0.3893053962833321,0.20805587410001755
0.38907645062597584,0.3757431172926456,0.23518043208139372
0.3911110779229091,0.3777777445895758,0.23111117748753154
0.3830631487310809,0.3697298153977477,0.2472070358711881
0.38372967140364195,0.37039633807031097,0.2458739905260688
0.35803505638971334,0.3423814519430779,0.29958349166721526
0.3519968902206796,0.33604759466740947,0.3119555151119152
0.4034669614857788,0.3901336281524423,0.2063994103617831
0.38443833202378763,0.3711049986904553,0.24445666928577378
0.40254408124790864,0.3892107479145784,0.20824517083753166
0.3931877008880513,0.3798543675547212,0.2269579315572465
0.3840399822904643,0.3707066489571336,0.2452533687524206
0.38616585907310685,0.3728325257397719,0.24100161518713312
0.38583139026455593,0.3724980569312224,0.24167055280423788
0.40109853099892984,0.38776519766559264,0.21113627133548402
0.3729664408165204,0.35963310748318583,0.2674004517003029
0.3969178991522654,0.38358456581892947,0.21949753502881764
0.4005150993419109,0.3871817660085779,0.2123031346495254
0.3917503147728098,0.37841698143948055,0.2298327037877258
0.3766797640533859,0.3633464307200541,0.25997380522658414
0.3922970974503496,0.3789637641170099,0.22873913843264926
0.38761071435318084,0.3742773810198529,0.23811190462698978
0.3801917909169101,0.3668584575835823,0.2529497514995315
0.37757448631221857,0.3642411529788895,0.25818436070891765
0.3827360390488794,0.36940270571555434,0.24786125523558822
0.3820793419809915,0.3687460086476641,0.24917464937136674
0.41321509278723545,0.3998817594539045,0.18690314775887557
0.37338038221850317,0.3600470488851682,0.2665725688963376
0.37570722653472405,0.3623738932013931,0.2619188802639067
0.40085784088527227,0.38752450755193674,0.21161765156280057
0.39079457834754494,0.37746124501420986,0.2317441766382579
0.4034437491400632,0.39011041580673156,0.20644583505321698
0.39693409760169246,0.3836007642683664,0.2194651381299666
0.3944213076683542,0.381087974335019,0.2244907179966434
0.38644467344233424,0.3731113401090061,0.2404439864486832
0.3876715736434004,0.37433824031007296,0.2379901860465467
0.39684081955557277,0.38350748622223213,0.21965169422220615
0.41311116899808514,0.39977783566475117,0.187110995337175
0.3877782351866692,0.37444490185334317,0.23777686296001666
0.3872699497784473,0.373936616445116,0.23879343377645604
0.389077896274679,0.37574456294134373,0.23517754078399392
0.3871293416889508,0.37379600835561927,0.23907464995544855
0.384394398464481,0.3710610651311475,0.24454453640438167
0.3778286810649525,0.3644953477316124,0.25767597120344715
0.3905207169567501,0.37718738362341175,0.2322918994198556
0.37707437208141553,0.36374103874808084,0.25918458917051995
0.3869445434094096,0.37361121007606957,0.23944424651453328
0.38907472123528114,0.3757413879019451,0.2351838908627819
0.3671626633568261,0.35382933002348627,0.27900800661969616
0.37328670081399634,0.35995336748066525,0.2667599317053522
0.39636571149070904,0.38303237815737873,0.22060191035192414
0.3908263291659051,0.37749299583258106,0.23168067500154013
0.39187733250002377,0.37854399916668696,0.22957866833330484
0.38180212883579295,0.36846879550246703,0.24972907566176852
0.3969306114930337,0.38359727815969785,0.2194721103472743
0.3972284294297555,0.38389509609642236,0.21887647447383554
0.3726311244622194,0.35929779112888865,0.2680710844089052
0.3959883683088045,0.3826550349754761,0.22135659671573926
0.39282417507994416,0.37949084174660386,0.22768498317346325
0.3902376898004969,0.37690435646716136,0.23285795373235613
0.3846501072883314,0.37131677395500123,0.24403311875669023
0.38289843328221024,0.3695650999488704,0.24753646676893534
0.3825182095386485,0.3691848762053115,0.248296914256052
0.39961453186576606,0.3862811985324252,0.21410426960181542
0.3828063393161279,0.3694730059827928,0.24772065470109517
0.3915902489343446,0.37825691560100555,0.23015283546465987
0.376775374618267,0.36344204128493407,0.25978258409680893
0.3825032390670571,0.3691699057337206,0.24832685519922768
0.35782387749016775,0.3421567463464517,0.30001937616339747
0.38966416246289115,0.376330829129551,0.2340050084075671
0.38133136506691834,0.3679980317335694,0.250670603199515
0.3970044956827099,0.3836711623493757,0.21932434196793166
0.3750949197678378,0.3617615864345029,0.26314349379767776
0.3509865769603894,0.33499164742771403,0.3140217756119063
0.3883540256324519,0.37502069229911766,0.23662528206844782
0.3826381905349258,0.3693048572015865,0.24805695226349755
0.3983147447515883,0.38498141141825737,0.21670384383017305
0.39210643960780406,0.37877310627446686,0.22912045411774
0.3917933425950696,0.3784600092617433,0.2297466481432196
0.383722741584331,0.3703894082509998,0.2458878501646899
0.38256613950398377,0.36923280617065163,0.24820105432538142
0.39578889079134505,0.38245555745800736,0.22175555175065598
0.36611063975013797,0.35277730641680466,0.28111205383306553
0.3793760947185125,0.36604276138516895,0.2545811438963205
0.3522361033252411,0.3363428550420129,0.3114210416327587
0.39454470221940485,0.3812113688860714,0.22424392889454042
0.38337014603736247,0.37003681270403116,0.2465930412586321
0.3989219706087776,0.38558863727543957,0.21548939211579637
0.3553296253607254,0.3394218417830424,0.3052485328562429
0.38585126553581306,0.372517932202479,0.2416308022617241
0.3866397281551282,0.3733063948217909,0.24005387702308922
0.38972631294693116,0.3763929796135942,0.23388070743948952
0.3844273673030518,0.3710940339697136,0.24447859872723857
0.3818826908718984,0.3685493575385627,0.24956795158955478
0.371486144083139,0.358152810749814,0.2703610451670683
0.3782492855231975,0.36491595218985945,0.2568347622869596
0.3887412840122531,0.37540795067892313,0.23585076530884524
0.40889904793234033,0.3955657145990044,0.1955352374686724
0.37905375820197906,0.36572042486865225,0.25522581692939483
0.39976609950941866,0.3864327661760889,0.21380113431450853
0.38554197305755766,0.37220863972422696,0.2422493872182364
0.3906526632916076,0.37731932995827744,0.23202800675013227
0.3948683673979803,0.3815350340646462,0.2235965985373853
0.3952965260056286,0.38196319267230167,0.22274028132208767
0.3784548532660103,0.36512151993267605,0.25642362680133396
0.4021327162785673,0.3887993829452435,0.20906790077621537
0.38071970476040173,0.3673863714270692,0.25189392381255116
0.3798619648214476,0.366528631488113,0.2536094036904588
0.3762863988915229,0.36295306555818674,0.2607605355502989
0.3889215237277268,0.3755881903944021,0.23549028587789034
0.3713795985240999,0.3580462651907665,0.2705741362851463
0.3650516800106033,0.34978331997428147,0.285165000015131
0.3862458814329475,0.37291254809961116,0.24084157046745472
0.3960926815239913,0.3827593481906544,0.2211479702853636
0.3896481479331887,0.37631481459984983,0.23403703746697085
0.3864558279249599,0.3731224945916288,0.24042167748342175
0.38450519774382586,0.37117186441049194,0.24432293784569467
0.37942143008085205,0.3660880967475159,0.254490473171648
0.38843314376436605,0.3750998104310338,0.2364670458046199
0.3798456878894409,0.36651235455610764,0.2536419575544739
0.3669530713001707,0.3536197379668317,0.27942719073300165
0.3903387741329174,0.377005440799581,0.232655785067513
0.3912709591318572,0.3779376257985237,0.23079141506962964
0.3532481753135043,0.33725677247027536,0.3094950522162639
0.3841479690116785,0.3708146356783485,0.24503739530998964
0.3829612966409872,0.36962796330765785,0.24741074005137662
0.35096809037689336,0.3349803105284588,0.3140515990946563
0.38532140017986166,0.3719880668465259,0.24269053297362556
0.3976974909249191,0.3843641575915819,0.21793835148350968
0.3907379446538384,0.37740461132050773,0.23185744402567338
0.40081268116513663,0.38747934783179727,0.2117079710030781
0.39167339186098177,0.37834005852763875,0.2299865496113866
0.3961383463362035,0.3828050130028705,0.22105664066093708
0.3941952950932294,0.38086196175989195,0.22494274314689014
0.3786315779915667,0.36529824465822947,0.2560701773502206
0.3909957782675903,0.3776624449342532,0.23134177679817408
0.3527454524325161,0.3369379768683772,0.31031657069911217
0.37715645878629994,0.36382312545296347,0.25902041576076
0.3915661150780827,0.3782327817447482,0.2302011031771853
0.3913485123559231,0.37801517902258797,0.23063630862149956
0.39368447587981675,0.3803511425464883,0.22596438157371482
0.40301747187057224,0.38968413853723655,0.2072983895922055
0.3986104927175084,0.3852771593841718,0.21611234789832912
0.3764328519578326,0.36309951862449563,0.2604676294176837
0.38938626388368824,0.3760529305503583,0.23456080556596753
0.3923965496094044,0.3790632162760689,0.2285402341145404
0.3793322375909177,0.365998904257576,0.2546688581515073
0.3773398205012384,0.36400648716790135,0.2586536923308844
0.4051834775898202,0.39185014425648657,0.20296637815370508
0.3916346105322068,0.3783012771988709,0.23006411226893492
0.393723451830237,0.3803901184969049,0.2258864296728762
0.384557657510884,0.3712243241775444,0.2442180183115814
0.39515334036425953,0.3818200070309278,0.22302665260482868
0.3853590487628909,0.37202571542955754,0.24261523580756894
0.3906394414884711,0.3773061081551399,0.23205445035640893
0.35571049855668985,0.34002389938414435,0.3042656020591731
0.37367445704486096,0.36034112371153143,0.2659844192436333
0.38113004362325875,0.3677967102899236,0.25107324608684145
0.36625214726247973,0.35115339966001224,0.2825944530775108
0.38220928797134696,0.36887595463801526,0.24891475739065952
0.38509085324496745,0.3717575199116348,0.24315162684340666
0.3770586287573833,0.3637252954240527,0.2592160758185874
0.3523517565506201,0.3364821966043406,0.3111660468450532
0.39672450784684066,0.3833911745135066,0.21988431763966365
0.3741898860141632,0.36085655268082706,0.2649535613050137
0.39243904348169867,0.3791057101483708,0.22845524636995415
0.39375153333731716,0.38041820000398013,0.2258302666587171
0.392374881751057,0.3790415484177152,0.2285835698312382
0.3890604134481223,0.3757270801147857,0.23521250643710354
0.3650406464096255,0.34961961200886027,0.2853397415815324
0.3882493610800402,0.37491602774670174,0.23683461117327248
0.38925097308979906,0.37591763975646614,0.23483138715374374
0.38691581074000725,0.37358247740667483,0.23950171185333052
0.385673916392536,0.3723405830591951,0.24198550054828033
0.39088108371291636,0.3775477503795841,0.23157116590751473
0.3930277772834316,0.37969444395010316,0.2272777787664818
0.3929687074799095,0.3796353741465791,0.227395918373535
0.38939636660785876,0.37606303327452156,0.23454060011762756
0.3961645265183028,0.38283119318497094,0.22100428029674213
0.37336358472839803,0.36003025139506933,0.2666061638765637
0.3862394104654634,0.372906077132131,0.24085451240242378
0.37978733346768956,0.36645400013435503,0.2537586663979736
0.3555373745779534,0.339761596658971,0.30470102876308336
0.40182160250315185,0.3884882691698172,0.20969012832703773
0.40619276305393087,0.3928594297206003,0.20094780722548364
0.38775120521267226,0.3744178718793344,0.23783092290800814
0.3508456891354531,0.3348543938543937,0.3142999170101594
0.38822955609306475,0.37489622275973233,0.23687422114721726
0.38781850152234565,0.3744851681890158,0.2376963302886559
0.3924449945477439,0.3791116612144054,0.228443344237861
0.38668505402983055,0.3733517206964972,0.2399632252736886
0.3791234637972604,0.36579013046392417,0.25508640573882785
0.36304824435593525,0.3477814202327782,0.2891703354112932
0.3941528532102102,0.3808195198768751,0.2250276269129331
0.3953960419972396,0.38206270866390774,0.22254124933887212
0.41035980245433384,0.39702646912099276,0.1926137284246761
0.3889064287682276,0.3755730954348854,0.23552047579689514
0.41209352263333476,0.39876018930000523,0.18914628806667436
0.37773854825851216,0.36440521492517897,0.25785623681632147
0.3874868462048138,0.37415351287148146,0.2383596409237139
0.38816418987108314,0.3748308565377459,0.2370049535911794
0.3877698455508612,0.3744365122175289,0.23779364223162838
0.39382072648765404,0.3804873931543269,0.22569188035803764
0.3855888351602813,0.3722555018269449,0.24215566301279073
0.4005621975950071,0.38722886426167047,0.21220893814333452
0.3982801817447929,0.3849468484114588,0.21677296984375558
0.3766006448713687,0.36326731153803626,0.2601320435906143
0.402470195815097,0.38913686248175955,0.20839294170315498
0.3907193900923507,0.3773860567590232,0.23189455314864688
0.39421908282620266,0.3808857494928641,0.22489516768094106
0.3888779716546749,0.37554463832132845,0.23557739002399597
0.39279914130190985,0.3794658079685711,0.22773505072952627
0.4104760235530866,0.39714269021975257,0.1923812862271735
0.4055703903908836,0.39223705705755196,0.2021925525515744
0.37732870873269425,0.36399537539935944,0.2586759158679634
0.38244592619081996,0.3691125928574796,0.2484414809517155
0.3501678274681496,0.33418308056167884,0.31564909197018326
0.3886373921583939,0.37530405882506696,0.23605854901656265
0.37901488885602785,0.3656815555226979,0.25530355562129364
0.3786048271638881,0.3652714938305604,0.2561236790055698
0.40655532634166774,0.39322199300833716,0.2002226806500112
0.38395983037806425,0.3706264970447292,0.24541367257722546
0.35342179777326893,0.33746944054432926,0.3091087616824089
0.37862055491159047,0.3652872215782574,0.25609222351016875
0.4070076976413426,0.3936743643080035,0.19931793805066525
0.3925665899795062,0.37923325664617247,0.22820015337433955
0.3877677820433446,0.3744344487100122,0.23779776924666668
0.41576715038926276,0.40243381705593084,0.18179903255481805
0.38513941244269967,0.3718060791093674,0.24305450844795043
0.39072259353862,0.37738926020528163,0.23188814625611356
0.3692033325282384,0.3558699991949014,0.27492666827686874
0.3844746637927007,0.3711413304593674,0.2443840057479401
0.39146626108334714,0.37813292775001256,0.23040081116665653
0.38399502173301037,0.37066168839967756,0.24534328986733006
0.3887671373634067,0.3754338040300719,0.23579905860653183
0.39386523323212863,0.38053189989879294,0.2256028668690885
0.3919411109798573,0.3786077776465318,0.22945111137363036
0.3839514048976124,0.37061807156428167,0.24543052353812791
0.3788407692650051,0.3655074359316684,0.2556517948033427
0.3868443731067984,0.37351103977346506,0.23964458711975614
0.39182037703338135,0.3784870437000464,0.22969257926658532
0.3943837999687132,0.3810504666353786,0.22456573339592265
0.372206366387665,0.35887303305433244,0.2689206005580259
0.4050885730687915,0.39175523973545856,0.20315618719576337
0.38814907900264123,0.37481574566930254,0.23703517532806964
0.39941560150568367,0.38608226817234964,0.21450213032197676
0.391195081676231,0.3778617483428925,0.23094316998089254
0.4242256147905764,0.41089228145724327,0.16488210375218937
0.35077719294933624,0.33482568798717244,0.3143971190634904
0.37919960303607486,0.36490338678670803,0.2558970101772311
0.3822078845579551,0.3688745512246197,0.248917564217436
0.3878210829994632,0.37448774966612774,0.23769116733442475
0.39982304867565605,0.38648971534232535,0.21368723598203918
0.4010761429389345,0.38774280960560303,0.21118104745548144
0.4014570698763927,0.38812373654306337,0.21041919358056113
0.36843099714081384,0.35326095087708886,0.2783080519821191
0.3921267152861118,0.37879338195277995,0.2290799027611249
0.3947712142211418,0.3814378808878045,0.22379090489106424
0.40081402912043873,0.38748069578710354,0.21170527509247167
0.38474785158475144,0.37015382662693685,0.24509832178831978
